 16      16
   0.00000000     0.00000000     0.69970917
  -0.45345349    -0.00085684     0.79324099
   0.19434444     0.37892640     0.88140678
   0.06297090    -0.00092432     0.24101230
   0.19613816    -0.37714524     0.88317661
  -0.81782326     1.29693561     0.15485744
   0.81773392     1.29714007     0.15521018
   0.81777417    -1.29704801     0.15505136
  -0.81772148    -1.29716851     0.15525925
   0.00000000     0.00000000     2.09501123
   0.00000000     2.41435285    -0.69970917
   0.00036082     2.59811560    -1.77386955
  -0.00019033     3.43776656    -0.32525792
   0.00000000    -2.41435285    -0.69970917
   0.00013618    -3.43776656    -0.32525791
  -0.00017307    -2.59811557    -1.77386960
   0.00000000     0.00000000     0.69970917
  -0.20061527     0.38090127     0.88326225
   0.45836492     0.00426202     0.79408838
  -0.06379920    -0.00185582     0.23608192
  -0.19395044    -0.38330748     0.88540413
   0.00000000     0.00000000     2.09501123
   0.00000000     2.41435285    -0.69970917
   0.81773392     1.29714007     0.15521018
  -0.81782326     1.29693561     0.15485744
   0.00036082     2.59811560    -1.77386955
  -0.00019033     3.43776656    -0.32525792
   0.00000000    -2.41435285    -0.69970917
  -0.81772148    -1.29716851     0.15525925
   0.81777417    -1.29704801     0.15505136
   0.00013618    -3.43776656    -0.32525791
  -0.00017307    -2.59811557    -1.77386960
