 32      31
   1.6055762285988131        2.0388941014637112       -1.0762393730213007E-008
  0.94580733948336115        1.6226574164733356        1.1337964208473488     
  0.94580733948336115        1.6226574164733356       -1.1337964208473488     
   1.8407252799790765        3.4114737898335878        0.0000000000000000     
   2.8348153612636300        1.4220278791949195        0.0000000000000000     
  0.26512386266263305        1.2431095443380873        2.3391746807463587     
  0.28676982770468107      -0.26479986344131312        2.3026841242844625     
  -1.4029162824868719        1.7872432661826265        2.3549545350355259     
   1.1460797337799784        1.7798881659066896        3.7038066798304747     
  0.30854650169703279       -1.7717394214580129        2.4097975270599061     
 -0.29798819110133379       -2.1747704040863622        1.1688877034371139     
 -0.61876846577866684       -2.3631131434362151        3.7169056997804262     
   1.9605185487418673       -2.3112065993399273        2.3683940837599913     
 -0.88358582117182471       -2.6133815581696505       -2.6300818088494742E-006
 -0.29798819110133379       -2.1747704040863622       -1.1688877034371139     
  -2.1780528596106583       -3.0817580299209846        0.0000000000000000     
 -0.47616546814608873       -3.9290439299970679        0.0000000000000000     
  0.30830951186337829       -1.7718406736165915       -2.4098194624152809     
  0.28676982770468107      -0.26479986344131312       -2.3026841242844625     
   1.9605185487418673       -2.3112065993399273       -2.3683940837599913     
 -0.61876846577866684       -2.3631131434362151       -3.7169056997804262     
  0.26531607984387034        1.2430618344788138       -2.3392564843151877     
   1.1460797337799784        1.7798881659066896       -3.7038066798304747     
  -1.4029162824868719        1.7872432661826265       -2.3549545350355259     
   2.0985773371866103        4.8647744888265088       -1.1634351242149816E-007
   3.0188745280606235        5.2079227669405572        1.4348983048040478     
  0.56499526609381245        5.7297879326863450        0.0000000000000000     
   3.0188745280606235        5.2079227669405572       -1.4348983048040478     
  -3.5470816228926978       -3.5888096901871060        1.0264734781476296E-006
  -3.7521353180910437       -4.5081594647874654       -1.4566407458031922     
  -4.5758551484262373       -2.1501229901682417        0.0000000000000000     
  -3.7521353180910437       -4.5081594647874654        1.4566407458031922     
   1.6577414369224834        2.0415213920188826       -3.1712255266926616E-007
  0.27225078149627113        1.2393424063313900        2.3268448367901597     
  0.94580733948336115        1.6226574164733356        1.1337964208473488     
  0.30692491141893763       -1.7643040810655732        2.3977163906420720     
  0.28676982770468107      -0.26479986344131312        2.3026841242844625     
 -0.92928099534147057       -2.6382054984784737       -1.5126806199523862E-004
 -0.29798819110133379       -2.1747704040863622        1.1688877034371139     
 -0.47616546814608873       -3.9290439299970679        0.0000000000000000     
  0.30696909429395869       -1.7645679527072766       -2.3975792725549954     
 -0.29798819110133379       -2.1747704040863622       -1.1688877034371139     
  0.27243992377080417        1.2392904172721277       -2.3269191006321779     
  0.94580733948336115        1.6226574164733356       -1.1337964208473488     
  0.28676982770468107      -0.26479986344131312       -2.3026841242844625     
   2.0975505739638374        4.8504797484500095       -4.9995546919509701E-007
   1.8407252799790765        3.4114737898335878        0.0000000000000000     
  -3.5348056458538206       -3.5820683234419741       -5.6056281697116966E-008
  -2.1780528596106583       -3.0817580299209846        0.0000000000000000     
  -1.4029163417298960        1.7872432865232573        2.3549545380985628     
   1.1460797639087208        1.7798881859894391        3.7038067301863671     
 -0.61876849752824825       -2.3631131653991493        3.7169057481348799     
   1.9605186074261018       -2.3112066194829377        2.3683940848335294     
   1.1460797639087208        1.7798881859894391       -3.7038067301863671     
  -1.4029163417298960        1.7872432865232573       -2.3549545380985628     
   1.9605186074261018       -2.3112066194829377       -2.3683940848335294     
 -0.61876849752824825       -2.3631131653991493       -3.7169057481348799     
   3.0188745610980345        5.2079227817781630        1.4348983551138152     
  0.56499521309439826        5.7297879658213562        0.0000000000000000     
   3.0188745610980345        5.2079227817781630       -1.4348983551138152     
  -3.7521353278653566       -4.5081594983582667       -1.4566407968752833     
  -4.5758551870814497       -2.1501229410626155        0.0000000000000000     
  -3.7521353278653566       -4.5081594983582667        1.4566407968752833     
