  5       5
   1.5862991154972703E-008   3.4934036402396010E-008  0.22113427980656994     
   0.0000000000000000        1.5094580437445237      -0.40357950860638581     
   1.3072289271818562      -0.75472099053324038      -0.40357950860638581     
  -1.3072289271818562      -0.75472099053324038      -0.40357950860638581     
   0.0000000000000000       -1.5257520177845151E-005   1.9974828053325759     
   1.2764316226147211E-006   3.0834844342571840E-006  0.27313427970223830     
   0.0000000000000000       -1.5257520177845151E-005   1.9974828053325759     
   0.0000000000000000        1.5094580966684714      -0.40357953047476169     
   1.3072289730153364      -0.75472101699493266      -0.40357953047476169     
  -1.3072289730153364      -0.75472101699493266      -0.40357953047476169     
