 32      31
   1.1638954704658195        2.1435790081081780       -1.4818202817624771E-002
  0.60288103382309632        1.6777037694823838        1.1300028429672839     
  0.59598634342528267        1.6654671365090925       -1.1511624634480451     
   1.6872615089605836        3.4267629741635952       -2.3237793245441035E-002
   2.3450777203195052        1.4747863254422104       -1.4891437422809389E-002
   1.6767718866644892E-002   1.2466304756835329        2.3463150896295764     
  0.21294739578229252      -0.27515516572359727        2.2970985124876302     
  -1.7071708446727389        1.5423362450982432        2.4049554394555859     
  0.86400250108805343        1.8987630706253602        3.6814393494000384     
  0.41105106332149394       -1.7962049684396058        2.3905151005442833     
 -0.17343412535950023       -2.2397162946800315        1.1681418844720086     
 -0.42989377029917636       -2.4600893471406686        3.7224817687137914     
   2.1118059672187308       -2.1286972569672593        2.3459202838522120     
 -0.73131759435084687       -2.7171583402271309        1.6910180476899777E-002
 -0.18035380720582472       -2.2521206647210947       -1.1426816202430528     
  -2.0682896719705059       -3.0574399437128243        2.2771119721637909E-002
 -0.24261795055748239       -3.9909520488118759        2.2184876433346372E-002
  0.39658329292106770       -1.8219502870388640       -2.3731994948435404     
  0.19913302353815432      -0.29979616873795228       -2.2948902986427600     
   2.0978041134749974       -2.1537285139708251       -2.3351336880346305     
 -0.45201393186469685       -2.4999332734987751       -3.6929400083638533     
   2.7204686766044372E-003   1.2213959297896444       -2.3592732328630031     
  0.84161567177971253        1.8591653176229646       -3.7063695438128961     
  -1.7217507609302520        1.5163854916197863       -2.4106016471032263     
   2.2416350034233687        4.7879672429759550       -3.2167844027597536E-002
   3.2228816243128184        4.9301658428412827        1.4015962584019543     
  0.93711312516278955        5.9523693524593204       -3.4256202727597461E-002
   3.2138492212877008        4.9149239703768375       -1.4734919960095503     
  -3.4807510106014758       -3.4341743165714091        2.9053131419985185E-002
  -3.7778655308457307       -4.3436550279749353       -1.4151643893853367     
  -4.3967360257237855       -1.9153533202910848        2.4936328511801577E-002
  -3.7685353029606912       -4.3300468614208061        1.4836307570935736     
   1.2134851843313290        2.1610510673532199       -1.5061957064603575E-002
   2.4125264889885003E-002   1.2434455213348552        2.3340253895775089     
  0.60288103382309632        1.6777037694823838        1.1300028429672839     
  0.40852586934274537       -1.7887317901505722        2.3785509685488035     
  0.21294739578229252      -0.27515516572359727        2.2970985124876302     
 -0.75449314727442052       -2.7637101862102567        1.7201571355806574E-002
 -0.17343412535950023       -2.2397162946800315        1.1681418844720086     
 -0.24261795055748239       -3.9909520488118759        2.2184876433346372E-002
  0.39437111947414549       -1.8144309521848139       -2.3611782450491487     
 -0.18035380720582472       -2.2521206647210947       -1.1426816202430528     
   1.0134528914885756E-002   1.2183329849614624       -2.3469850198946638     
  0.59598634342528267        1.6654671365090925       -1.1511624634480451     
  0.19913302353815432      -0.29979616873795228       -2.2948902986427600     
   2.2390097625836156        4.7738736001311191       -3.2084457088685500E-002
   1.6872615089605836        3.4267629741635952       -2.3237793245441035E-002
  -3.4683523148842728       -3.4276414234591530        2.8981516439909972E-002
  -2.0682896719705059       -3.0574399437128243        2.2771119721637909E-002
  -1.7071709059997948        1.5423362566514327        2.4049554440183969     
  0.86400252991033577        1.8987630946754290        3.6814393987183611     
 -0.42989379883346529       -2.4600893715769732        3.7224818179087671     
   2.1118060278003896       -2.1286972697844417        2.3459202847828000     
  0.84161570030055499        1.8591653411427449       -3.7063695935602383     
  -1.7217508222850251        1.5163855031211726       -2.4106016514189297     
   2.0978041740509594       -2.1537285267958093       -2.3351336891869434     
 -0.45201396068932348       -2.4999332984622367       -3.6929400571229682     
   3.2228816598009398        4.9301658505275743        1.4015963086542533     
  0.93711308050831088        5.9523693959856594       -3.4256202818519765E-002
   3.2138492564591323        4.9149239775287255       -1.4734920465623191     
  -3.7778655438919513       -4.3436550611106561       -1.4151644400072672     
  -4.3967360604685695       -1.9153532682867698        2.4936328382043040E-002
  -3.7685353156797792       -4.3300468940794046        1.4836308081079115     
