  5       5
  -9.5188005591743884E-009   2.2184897810423048E-008  0.22113427980701464     
   0.0000000000000000        1.5094580437445237      -0.40357950860638581     
   1.3072289271818562      -0.75472099053324038      -0.40357950860638581     
  -1.3072289271818562      -0.75472099053324038      -0.40357950860638581     
   0.0000000000000000       -1.5257520177845151E-005   1.9974828053325759     
   1.1570119364545319E-008  -2.3084254662702523E-006  0.27313427975703242     
   0.0000000000000000       -1.5257520177845151E-005   1.9974828053325759     
   0.0000000000000000        1.5094580966684714      -0.40357953047476169     
   1.3072289730153364      -0.75472101699493266      -0.40357953047476169     
  -1.3072289730153364      -0.75472101699493266      -0.40357953047476169     
