 81      81
  -2.2479187634532969        3.2200333713597473      -0.17758739903557860     
  -3.5184824068437033        3.1799378431259693      -0.21656269607620623     
  -1.8199014350452916        4.4162916294074517      -0.17262654700315394     
  -1.3228654875915693        1.9716276119361795      -0.14687901900256553     
  -2.1969761343330338        3.2101186456387270       -1.8694703960300079     
  -3.1548208769400885       -2.3742074397698936      -0.15105847927196303     
  -4.3487338948112537       -1.9411274119500788      -0.20635817113020702     
  -3.1202224749234548       -3.6432043784059167      -0.12878488427219420     
  -1.8887630900448822       -1.4746388987157977      -0.10496487774941465     
  -3.2249182364020221       -2.3477337877525826        1.5396403493803983     
   3.2954496413473029        2.3234702486343290        6.9318854222203505E-002
   3.2757469940078510        3.5950163439386982        3.6093782679367713E-002
   4.4945753619995967        1.7854571172962495      -0.61866285322227388     
   4.4256102482191029        1.8236177221738716       0.89001420175600821     
   2.2668522625490546        1.5781503008476734        4.1278577652040578E-002
   2.3987680520449364       -3.2181600885646708       0.14783108678388163     
   1.8281129818826454       -4.3543759251637475       0.91441030627931763     
   1.9320392185873900       -4.4174503168813590      -0.59235440553117524     
   3.6677708273499889       -3.1920320949138206       0.23460958741589014     
   1.6546218787484566       -2.1916729048483101        5.3401377995225735E-002
  -4.8713473176567508        3.1354026039933043      -0.25023098333881388     
  -5.5725209975944230        2.0738807225901619      -0.27949059990986824     
  -5.2209206469864826        4.3742818965744483       -1.0309905372905257     
  -5.2677804120579923        4.3750558453796566       0.49183614327515690     
  -5.6238283266998756       -1.5014304664795264      -0.27474706132123500     
  -5.9804017269724845      -0.24698105994352998       0.47866538699881883     
  -5.9145570572431012      -0.25095479169265517       -1.0448674852783377     
  -6.3280337889667369       -2.5634144609718481      -0.29054550193470080     
  -1.3587186237228219        5.6878313847326902      -0.15941778583697849     
  -2.4456410860514426        6.4298708813814169       0.56279662217533710     
  -2.4057273659494220        6.4228435402836217      -0.95868890388239092     
 -0.13435957845565674        6.0216145815604820      -0.13511546919239745     
  -3.1021152313976232       -4.9923663806694476      -0.11719072026603886     
  -4.3327657029976070       -5.3271399671799777      -0.16620147574085811     
  -2.0600766661948002       -5.6701650149846747       0.73190944118129608     
  -1.9700266073489858       -5.7008421241218556      -0.78821372531981082     
  -6.4370046540521715        1.0283516455823836      -0.30746688251003579     
  -7.9805715548747544        1.2710113747205629      -0.36413146473514596     
  -5.6933779839973946        5.6829542917532354      -0.28320550856343923     
  -4.5665249133346633        6.4057960485089351      -0.25586901438672188     
  -7.1847319931523774        6.1448342167094667      -0.32403146127720550     
  -7.1936133714495618       -3.6424134437572366      -0.32354287114664226     
  -6.4236871844032946       -4.6889364225621764       0.79663636557406481     
  -6.3225140396197705       -4.7101165876374766       -1.3427583914044323     
  -8.7532619631336246       -3.6187229671731069      -0.39380962468167519     
  -3.5312328653851188        7.2559674246912955      -0.23003642469379315     
  -3.5115376606717392        8.8169079631581795      -0.23428833382123707     
  -5.6267149427910130       -5.8114176190199744      -0.22819503005635111     
  -6.0945580340515901       -7.3005816971999806      -0.23248364466812049     
   1.1437049730535984        6.5116010075453481      -0.10358307308359432     
   2.1743969901313878        5.5566338044202563       -1.1205007197690444     
   2.0995320197108280        5.5995861299711542        1.0193647599324640     
   1.3801714457750442        8.0563684984946704      -0.12406056702113746     
 -0.94879250327913267       -6.5425851381799172        5.0837336225429915E-002
  0.30840342059019948       -6.0409842816894610       0.12084803153641703     
  -1.2017906805463368       -8.0845537743420142        7.3642654867017404E-002
   3.2559125596917906        4.9493879464348725        5.2358622359207458E-004
   4.5004789602119457        5.2892509440008508        4.0440154415626650E-002
   1.5501445209192684       -5.7044295146276829       0.19070967455085569     
   2.6117914681232515       -6.4085361524296207       0.30150591761744072     
   5.7760292778433424        1.4738168543268653       0.20346121759829475     
   6.0983374913396613       0.22790105712731659       0.26512867591179523     
   6.4851645758667065        2.5389424983698685       0.20172834036767029     
   5.0172975387962992       -3.1843543634617788       0.32558248397542899     
   5.7709600286124969       -2.1324691599946095      -0.43511375401649738     
   5.6655954060482259       -2.0614854092735073        1.0862213401282270     
   5.3564307332286791       -4.4096775854609707       0.40855894320834024     
   6.5852743908105955       -1.0363073686119679       0.33436461921847521     
   8.1242380380434263       -1.2909290956517019       0.43036639026045725     
   5.7919628169276045        5.7811243043510006        7.7826649793325112E-002
   6.4940656999260424        4.7025113932091358        1.2107036223817125     
   6.5831143961526548        4.6404152191783909      -0.92818596941932585     
   6.2570178506658563        7.2711208557287543        5.7003610332010714E-002
   3.6832340506561496       -7.2746919696108368       0.41665541917850263     
   4.8157008001238211       -6.4998794919189704      -0.61021133923899284     
   4.6607302640183725       -6.4030761068118487        1.5234926732846670     
   3.6584544740399343       -8.8336320457198294       0.48925027881475319     
   7.3563562849585313        3.6124459033645442       0.20593741224755077     
   8.9155611529449335        3.5908872907903779       0.27465289869462184     
   5.8449071887620123       -5.7004558059958166       0.50238744491015186     
   7.3303637922545972       -6.1612181484485955       0.63496711515516180     
  -2.2270046243379946        3.1910070541650333      -0.13983481270823855     
  -2.1969761343330338        3.2101186456387270       -1.8694703960300079     
  -3.1225839307605896       -2.3537443355680621      -0.18636019052582703     
  -3.2249182364020221       -2.3477337877525826        1.5396403493803983     
   3.2729320507025981        2.2761110004256300        7.0003260987994642E-002
   2.2668522625490546        1.5781503008476734        4.1278577652040578E-002
   2.3557818843584495       -3.1911004720982108       0.13492616741588759     
   1.6546218787484566       -2.1916729048483101        5.3401377995225735E-002
  -4.8575341409840274        3.1396746263018076      -0.25281839079981533     
  -3.5184824068437033        3.1799378431259693      -0.21656269607620623     
  -5.6100927575748072       -1.5007465518888792      -0.27108817670414831     
  -4.3487338948112537       -1.9411274119500788      -0.20635817113020702     
  -1.3692373766674930        5.6771129100082343      -0.16261595266700887     
  -1.8199014350452916        4.4162916294074517      -0.17262654700315394     
  -3.0979020399432233       -4.9792396373698047      -0.11369925248025349     
  -3.1202224749234548       -3.6432043784059167      -0.12878488427219420     
  -6.4235928070322226        1.0242980230500462      -0.30688577466762695     
  -5.5407661169859512        2.0257613708750521       0.79387650078014527     
  -5.4624376076206289        2.0174957627771546       -1.3472654642208832     
  -5.9492380435175614      -0.24953842946651864      -0.28317556725147908     
  -5.6827279401890278        5.6737411243556553      -0.28297912964084365     
  -5.2070478263803004        4.3871898360429356      -0.26843569788503580     
  -7.1813057445458561       -3.6341604570878050      -0.32280964306529336     
  -6.3069475436383922       -2.5504511269691825       -1.3616785087316867     
  -6.4082089358977292       -2.5323014797113901       0.77741635329804049     
  -3.5259205124154884        7.2429283353562486      -0.22993526364554540     
  -2.4494639324081899        6.3941742284315470      -0.19842131839442984     
  -4.5563272925851548        6.4280206769274679       -1.3267349663506944     
  -4.6138693547606353        6.4346578459056358       0.81383997088454307     
  -5.6152733613463752       -5.8020885462294904      -0.22746570121757215     
  -4.2672835860566920       -5.3719647171185736       -1.2345330526875768     
  -4.3753767268891686       -5.3512813428724115       0.90395319474849256     
  -6.3473090027536250       -4.6808533872666924      -0.27202617888455399     
   1.1304704334963960        6.4998633461863280      -0.10387953639625153     
 -0.14068571569552177        5.9574248357393635       0.93733916903114034     
  -7.2940273465632519E-002   5.9163745327540607       -1.2025757708570104     
 -0.96101313951259670       -6.5268654718707175        4.9999761362722751E-002
  -2.0152047041506660       -5.6857156354213396       -2.8156929943590515E-002
   3.2636548015068532        4.9348655258572540        1.1407250425864964E-003
   3.2103875968001088        3.6138381478142696       0.79626395579917875     
   3.2661174722284159        3.5749031599432142      -0.72678729281362919     
   2.1888706009168382        5.6488659620052317       -5.0172247651162967E-002
   1.5572333489247827       -5.6911329657902696       0.19056152689610886     
   1.9805282166026872       -4.4207324874858038       0.16941401137200604     
  0.25398869098509974       -6.0052371641552806       0.88156056063991695     
  0.36139250412396012       -6.0724131548696381      -0.64015574907306294     
   5.7595468384049138        1.4651267618154709       0.20322605311042652     
   4.4952822113968534        1.9052226019548966       0.13473752382402709     
   5.0052488303110581       -3.1720244634831891       0.32507157361788419     
   3.7197205440101455       -3.1897634926862626      -0.52693434233895631     
   3.6144480972629527       -3.1183379690788904       0.99248750557757903     
   6.5711376262634262       -1.0376600146190744       0.33372064622210051     
   5.9540903101013063       0.23655933734798359        1.3297396744551424     
   6.0718323833608379       0.16402945802927754      -0.80701715904292259     
   5.7196362322325784       -2.0979747398237714       0.32569442119314262     
   5.7839399364617705        5.7696463070870410        7.7853708363458105E-002
   4.5004789602119457        5.2892509440008508        4.0440154415626650E-002
   3.6803923957767330       -7.2609661285967722       0.41596746909000443     
   2.6117914681232515       -6.4085361524296207       0.30150591761744072     
   7.3427798574375380        3.6090491667564835       0.20548893116079830     
   6.5831143961526548        4.6404152191783909      -0.92818596941932585     
   6.4940656999260424        4.7025113932091358        1.2107036223817125     
   6.4851645758667065        2.5389424983698685       0.20172834036767029     
   5.8338420017750039       -5.6918818040458712       0.50129861369266793     
   4.6607302640183725       -6.4030761068118487        1.5234926732846670     
   4.8157008001238211       -6.4998794919189704      -0.61021133923899284     
   5.3564307332286791       -4.4096775854609707       0.40855894320834024     
  -7.9805716118181369        1.2710113839229649      -0.36413146684144848     
  -1.3228654551409944        1.9716275681431097      -0.14687901790435967     
  -1.8887630456323112       -1.4746388671606829      -0.10496487615560821     
  -7.1847320478205008        6.1448342345792470      -0.32403146275274364     
  -8.7532620206063978       -3.6187229671562111      -0.39380962731173741     
  -3.5115376608125350        8.8169080206760064      -0.23428833397892820     
  -6.0945580520734293       -7.3005817518286813      -0.23248364492155263     
   1.3801714548028596        8.0563685554718418      -0.12406056775327472     
  -1.2017906895347290       -8.0845538313135545        7.3642655666736542E-002
   8.1242380949023314       -1.2909291047639946       0.43036639377471597     
   6.2570178685863223        7.2711209103912458        5.7003609594241660E-002
   3.6584544739385616       -8.8336321031813387       0.48925028151802913     
   8.9155612104233359        3.5908872907847460       0.27465290119515207     
   7.3303638467481340       -6.1612181662170036       0.63496712003232214     
