 32      31
  0.44783026503919887        2.6367837747710987        3.3721654282287287E-008
   0.0000000000000000        2.0480661090670464        1.1315221345931801     
   0.0000000000000000        2.0480661090670464       -1.1315221345931801     
   1.7418935110136529        3.1326115240986350        0.0000000000000000     
 -0.23755576353549746        3.8006067034015811        0.0000000000000000     
 -0.47877394703006337        1.4873039741832075        2.3350582496843209     
   0.0000000000000000        0.0000000000000000        2.2630442691863601     
  -2.2170060700528618        1.4755994404512804        2.3130843300940391     
  0.21134156516443747        2.2509690036089296        3.6986123876648054     
  0.47851966653377692       -1.4872115318886783        2.3352024663055087     
   0.0000000000000000       -2.0480661090670464        1.1315221345931801     
 -0.21134156516443747       -2.2509690036089296        3.6986123876648054     
   2.2170060700528618       -1.4755994404512804        2.3130843300940391     
 -0.44783579527153722       -2.6367821993779348        8.7622818260185177E-007
   0.0000000000000000       -2.0480661090670464       -1.1315221345931801     
  -1.7418935110136529       -3.1326115240986350        0.0000000000000000     
  0.23755576353549746       -3.8006067034015811        0.0000000000000000     
  0.47839482392465937       -1.4874970952834075       -2.3351488810006713     
   0.0000000000000000        0.0000000000000000       -2.2630442691863601     
   2.2170060700528618       -1.4755994404512804       -2.3130843300940391     
 -0.21134156516443747       -2.2509690036089296       -3.6986123876648054     
 -0.47863376725514051        1.4873942159410385       -2.3350849880653022     
  0.21134156516443747        2.2509690036089296       -3.6986123876648054     
  -2.2170060700528618        1.4755994404512804       -2.3130843300940391     
   3.1058060500641926        3.6746553273689866       -2.6069577609316121E-007
   3.2742703597844001        4.6232768049344246        1.4402311139143582     
   3.2742703597844001        4.6232768049344246       -1.4402311139143582     
   4.2382735888090348        2.3141688539022969        0.0000000000000000     
  -3.1058156219988708       -3.6746406069237119        6.4465640641836089E-007
  -3.2742703597844001       -4.6232768049344246        1.4402311139143582     
  -3.2742703597844001       -4.6232768049344246       -1.4402311139143582     
  -4.2382735888090348       -2.3141688539022969        0.0000000000000000     
  0.43618213814344881        2.6875857412138013        3.4848542966554202E-006
 -0.47396181499040196        1.4878834003461987        2.3205217415616803     
   0.0000000000000000        2.0480661090670464        1.1315221345931801     
  0.47343439845610646       -1.4809582701401345        2.3235848325916098     
   0.0000000000000000        0.0000000000000000        2.2630442691863601     
 -0.46079730586019774       -2.6871412938688599        4.5924866164438367E-005
   0.0000000000000000       -2.0480661090670464        1.1315221345931801     
  0.23755576353549746       -3.8006067034015811        0.0000000000000000     
  0.47354640983834645       -1.4812860822656968       -2.3234239536681409     
   0.0000000000000000       -2.0480661090670464       -1.1315221345931801     
 -0.47384411177205227        1.4879520786829998       -2.3205426984468263     
   0.0000000000000000        2.0480661090670464       -1.1315221345931801     
   0.0000000000000000        0.0000000000000000       -2.2630442691863601     
   3.0919206250733215        3.6701365647729451       -1.5793392562599764E-007
   1.7418935110136529        3.1326115240986350        0.0000000000000000     
  -3.0945860763975985       -3.6662165226886079        1.3861902837116529E-006
  -1.7418935110136529       -3.1326115240986350        0.0000000000000000     
  -2.2170061320924246        1.4755994409873174        2.3130843318485215     
  0.21134158826652091        2.2509690313306301        3.6986124379980572     
 -0.21134158826652091       -2.2509690313306301        3.6986124379980572     
   2.2170061320924246       -1.4755994409873174        2.3130843318485215     
  0.21134158826652091        2.2509690313306301       -3.6986124379980572     
  -2.2170061320924246        1.4755994409873174       -2.3130843318485215     
   2.2170061320924246       -1.4755994409873174       -2.3130843318485215     
 -0.21134158826652091       -2.2509690313306301       -3.6986124379980572     
   3.2742703681305398        4.6232768397812274        1.4402311644111021     
   3.2742703681305398        4.6232768397812274       -1.4402311644111021     
   4.2382736309546267        2.3141688077881830        0.0000000000000000     
  -3.2742703681305398       -4.6232768397812274        1.4402311644111021     
  -3.2742703681305398       -4.6232768397812274       -1.4402311644111021     
  -4.2382736309546267       -2.3141688077881830        0.0000000000000000     
