 32      31
  0.44783034001824207        2.6367837536473644        2.0650888754140768E-008
   0.0000000000000000        2.0480661090670464        1.1315221345931801     
   0.0000000000000000        2.0480661090670464       -1.1315221345931801     
   1.7418935110136529        3.1326115240986350        0.0000000000000000     
 -0.23755576353549746        3.8006067034015811        0.0000000000000000     
 -0.47877384017989721        1.4873049216470071        2.3350579408543584     
   0.0000000000000000        0.0000000000000000        2.2630442691863601     
  -2.2170060700528618        1.4755994404512804        2.3130843300940391     
  0.21134156516443747        2.2509690036089296        3.6986123876648054     
  0.47851997718224659       -1.4872121481253158        2.3352021032802011     
   0.0000000000000000       -2.0480661090670464        1.1315221345931801     
 -0.21134156516443747       -2.2509690036089296        3.6986123876648054     
   2.2170060700528618       -1.4755994404512804        2.3130843300940391     
 -0.44783579230409643       -2.6367822002282781        8.8061161359620783E-007
   0.0000000000000000       -2.0480661090670464       -1.1315221345931801     
  -1.7418935110136529       -3.1326115240986350        0.0000000000000000     
  0.23755576353549746       -3.8006067034015811        0.0000000000000000     
  0.47839063922418978       -1.4874941842158436       -2.3351517679395655     
   0.0000000000000000        0.0000000000000000       -2.2630442691863601     
   2.2170060700528618       -1.4755994404512804       -2.3130843300940391     
 -0.21134156516443747       -2.2509690036089296       -3.6986123876648054     
 -0.47863427525983115        1.4873939260891360       -2.3350848779037943     
  0.21134156516443747        2.2509690036089296       -3.6986123876648054     
  -2.2170060700528618        1.4755994404512804       -2.3130843300940391     
   3.1058071740775151        3.6746535991261626        6.2890427125379866E-007
   3.2742703597844001        4.6232768049344246        1.4402311139143582     
   3.2742703597844001        4.6232768049344246       -1.4402311139143582     
   4.2382735888090348        2.3141688539022969        0.0000000000000000     
  -3.1058154231971855       -3.6746409127290116        2.6640474616853067E-007
  -3.2742703597844001       -4.6232768049344246        1.4402311139143582     
  -3.2742703597844001       -4.6232768049344246       -1.4402311139143582     
  -4.2382735888090348       -2.3141688539022969        0.0000000000000000     
  0.46066035925069321        2.6871764454101545       -2.9129704389969298E-006
 -0.23755576353549746        3.8006067034015811        0.0000000000000000     
 -0.47381901339663607        1.4811708985341610        2.3233458632465989     
   0.0000000000000000        2.0480661090670464        1.1315221345931801     
  0.47364633684466245       -1.4877386427090793        2.3207346577110113     
   0.0000000000000000        0.0000000000000000        2.2630442691863601     
 -0.43585333490160300       -2.6875123787883815       -8.7865786732841684E-006
   0.0000000000000000       -2.0480661090670464        1.1315221345931801     
  0.47366909928239953       -1.4880035935173568       -2.3205976238502810     
   0.0000000000000000       -2.0480661090670464       -1.1315221345931801     
 -0.47370641782288736        1.4811855004995995       -2.3233897218562656     
   0.0000000000000000        2.0480661090670464       -1.1315221345931801     
   0.0000000000000000        0.0000000000000000       -2.2630442691863601     
   3.0945805201458683        3.6662253289085207        1.4589979268204433E-006
   1.7418935110136529        3.1326115240986350        0.0000000000000000     
  -3.0919264227866736       -3.6701286369028479        1.4949056004820304E-006
  -1.7418935110136529       -3.1326115240986350        0.0000000000000000     
  -2.2170061320924246        1.4755994409873174        2.3130843318485215     
  0.21134158826652091        2.2509690313306301        3.6986124379980572     
 -0.21134158826652091       -2.2509690313306301        3.6986124379980572     
   2.2170061320924246       -1.4755994409873174        2.3130843318485215     
  0.21134158826652091        2.2509690313306301       -3.6986124379980572     
  -2.2170061320924246        1.4755994409873174       -2.3130843318485215     
   2.2170061320924246       -1.4755994409873174       -2.3130843318485215     
 -0.21134158826652091       -2.2509690313306301       -3.6986124379980572     
   3.2742703681305398        4.6232768397812274        1.4402311644111021     
   3.2742703681305398        4.6232768397812274       -1.4402311644111021     
   4.2382736309546267        2.3141688077881830        0.0000000000000000     
  -3.2742703681305398       -4.6232768397812274        1.4402311644111021     
  -3.2742703681305398       -4.6232768397812274       -1.4402311644111021     
  -4.2382736309546267       -2.3141688077881830        0.0000000000000000     
