 16      16
   5.2203757564260643E-004  -7.2656239611884859E-004  0.69926240964439790     
   6.0233248960445740E-002   1.8011015204513041E-003  0.24064738438054376     
  0.20262504426004044      -0.37442017289184371       0.88170263445689756     
  0.18876072841866220       0.38166335394142775       0.88156479186301995     
 -0.45280207756979607       -7.0076758357431809E-003  0.79609469102378239     
  0.83140494508215945        1.2564085674247429        8.4938013928934145E-002
 -0.83146306967647698        1.2561610929789837        8.4511057516869326E-002
 -0.83139951774430665       -1.2564316108033426        8.4977769622571142E-002
  0.83146037385591842       -1.2561725988775736        8.4530908120696122E-002
   0.0000000000000000        0.0000000000000000        2.0950111950744050     
  -9.6352262188807369E-006   2.4170396821776188      -0.70104355371258720     
   1.7548398786805910E-004   2.5981155075094611       -1.7738695917738354     
  -3.2293419898688788E-004   3.4377664896960334      -0.32525791939798909     
  -1.0413190520110119E-005  -2.4170401022788175      -0.70104270163498261     
   1.8488915188638331E-004  -3.4377665106918784      -0.32525788317481102     
  -1.5413076682459697E-004  -2.5981155054014646       -1.7738695954106642     
   5.7231751981016478E-004   6.1062572964007780E-004  0.69916181060782256     
  0.20059653594125457       0.38055147083121355       0.88400676438148496     
   6.0729681632279070E-002  -1.1445314894012310E-003  0.23566756927671031     
  0.19470351577440995      -0.38383575678293907       0.88351517711142824     
 -0.45776743555642468        2.8190502308576408E-003  0.79699753267975260     
   0.0000000000000000        0.0000000000000000        2.0950111950744050     
  -2.4827581695346446E-004   2.4556831152510337      -0.71990183055568102     
 -0.83146306967647698        1.2561610929789837        8.4511057516869326E-002
  0.83140494508215945        1.2564085674247429        8.4938013928934145E-002
   1.7548398786805910E-004   2.5981155075094611       -1.7738695917738354     
  -3.2293419898688788E-004   3.4377664896960334      -0.32525791939798909     
  -2.1989775438738601E-004  -2.4556723274919507      -0.71992422458940042     
  0.83146037385591842       -1.2561725988775736        8.4530908120696122E-002
 -0.83139951774430665       -1.2564316108033426        8.4977769622571142E-002
   1.8488915188638331E-004  -3.4377665106918784      -0.32525788317481102     
  -1.5413076682459697E-004  -2.5981155054014646       -1.7738695954106642     
