 32      31
   1.6055762304493966        2.0388940994791427        1.2010389382978663E-009
  0.94580733948336115        1.6226574164733356        1.1337964208473488     
  0.94580733948336115        1.6226574164733356       -1.1337964208473488     
   1.8407252799790765        3.4114737898335878        0.0000000000000000     
   2.8348153612636300        1.4220278791949195        0.0000000000000000     
  0.26512707625055854        1.2431163634881952        2.3391722219345485     
  0.28676982770468107      -0.26479986344131312        2.3026841242844625     
  -1.4029162824868719        1.7872432661826265        2.3549545350355259     
   1.1460797337799784        1.7798881659066896        3.7038066798304747     
  0.30854626867337998       -1.7717403820323683        2.4097971302134744     
 -0.29798819110133379       -2.1747704040863622        1.1688877034371139     
 -0.61876846577866684       -2.3631131434362151        3.7169056997804262     
   1.9605185487418673       -2.3112065993399273        2.3683940837599913     
 -0.88358565293493130       -2.6133818168566476       -2.8812080773581755E-006
 -0.29798819110133379       -2.1747704040863622       -1.1688877034371139     
  -2.1780528596106583       -3.0817580299209846        0.0000000000000000     
 -0.47616546814608873       -3.9290439299970679        0.0000000000000000     
  0.30830973343303408       -1.7718400020946814       -2.4098197236897820     
  0.28676982770468107      -0.26479986344131312       -2.3026841242844625     
   1.9605185487418673       -2.3112065993399273       -2.3683940837599913     
 -0.61876846577866684       -2.3631131434362151       -3.7169056997804262     
  0.26531529362568790        1.2430618764783257       -2.3392562278680566     
   1.1460797337799784        1.7798881659066896       -3.7038066798304747     
  -1.4029162824868719        1.7872432661826265       -2.3549545350355259     
   2.0985759849621775        4.8647748600152445       -1.1124030653864086E-007
   3.0188745280606235        5.2079227669405572        1.4348983048040478     
  0.56499526609381245        5.7297879326863450        0.0000000000000000     
   3.0188745280606235        5.2079227669405572       -1.4348983048040478     
  -3.5470819924807162       -3.5888089756222032        1.5410149685450611E-006
  -3.7521353180910437       -4.5081594647874654       -1.4566407458031922     
  -4.5758551484262373       -2.1501229901682417        0.0000000000000000     
  -3.7521353180910437       -4.5081594647874654        1.4566407458031922     
   1.6455890136496496        2.0721077509093897       -3.0720114197089814E-006
   2.8348153612636300        1.4220278791949195        0.0000000000000000     
  0.26798175134537305        1.2356701297471091        2.3275253904579980     
  0.94580733948336115        1.6226574164733356        1.1337964208473488     
  0.30394910603028436       -1.7707567010714440        2.3952747904529352     
  0.28676982770468107      -0.26479986344131312        2.3026841242844625     
 -0.88391188322443071       -2.6658255050298738       -7.3803754453813969E-005
 -0.29798819110133379       -2.1747704040863622        1.1688877034371139     
  0.30386813430274706       -1.7709068909810053       -2.3952097420302985     
 -0.29798819110133379       -2.1747704040863622       -1.1688877034371139     
  0.26810062311728333        1.2355699182238105       -2.3276101603841792     
  0.94580733948336115        1.6226574164733356       -1.1337964208473488     
  0.28676982770468107      -0.26479986344131312       -2.3026841242844625     
   2.0946688588596190        4.8513291641795302       -1.6922535344625708E-007
   1.8407252799790765        3.4114737898335878        0.0000000000000000     
  -3.5325325862363695       -3.5861677798010749        1.2956904267429123E-007
  -2.1780528596106583       -3.0817580299209846        0.0000000000000000     
  -1.4029163417298960        1.7872432865232573        2.3549545380985628     
   1.1460797639087208        1.7798881859894391        3.7038067301863671     
 -0.61876849752824825       -2.3631131653991493        3.7169057481348799     
   1.9605186074261018       -2.3112066194829377        2.3683940848335294     
   1.1460797639087208        1.7798881859894391       -3.7038067301863671     
  -1.4029163417298960        1.7872432865232573       -2.3549545380985628     
   1.9605186074261018       -2.3112066194829377       -2.3683940848335294     
 -0.61876849752824825       -2.3631131653991493       -3.7169057481348799     
   3.0188745610980345        5.2079227817781630        1.4348983551138152     
  0.56499521309439826        5.7297879658213562        0.0000000000000000     
   3.0188745610980345        5.2079227817781630       -1.4348983551138152     
  -3.7521353278653566       -4.5081594983582667       -1.4566407968752833     
  -4.5758551870814497       -2.1501229410626155        0.0000000000000000     
  -3.7521353278653566       -4.5081594983582667        1.4566407968752833     
