 16      16
  -0.00001234    -0.00055806     0.70053888
  -0.19620113    -0.37833059     0.88065138
   0.45275197     0.00040812     0.79658273
  -0.19696653     0.37774477     0.88104337
  -0.05958431     0.00017772     0.24055921
  -0.81779834     1.29699270     0.15495593
   0.81777372     1.29704904     0.15505314
   0.81776704    -1.29706434     0.15507953
  -0.81777460    -1.29704703     0.15504967
   0.00000000     0.00000000     2.09501123
  -0.00008731     2.41156633    -0.69860118
  -0.00005333     2.59811557    -1.77386961
  -0.00003227     3.43776657    -0.32525790
   0.00027257    -2.41155693    -0.69865630
  -0.00025716    -3.43776655    -0.32525793
   0.00018171    -2.59811557    -1.77386960
   0.00043817    -0.00058859     0.70038856
   0.19843415    -0.38138369     0.88462636
   0.06526278     0.00068908     0.23628248
   0.19497613     0.38284902     0.88527573
  -0.45867307    -0.00215439     0.79265211
   0.00000000     0.00000000     2.09501123
   0.00040629     2.37014855    -0.68698854
   0.81777372     1.29704904     0.15505314
  -0.81779834     1.29699270     0.15495593
  -0.00005333     2.59811557    -1.77386961
  -0.00003227     3.43776657    -0.32525790
  -0.00224369    -2.37003443    -0.68759128
  -0.81777460    -1.29704703     0.15504967
   0.81776704    -1.29706434     0.15507953
  -0.00025716    -3.43776655    -0.32525793
   0.00018171    -2.59811557    -1.77386960
