120     120
   2.2825020907653712       -4.7873425964472895       -2.3784048124900510     
   2.9821474441872975       -5.9936343694125487       -2.9780036373418777     
   1.7420446891610011       -4.3475055723640503       -4.5298642126027397     
   3.8864122229522318       -3.8480507680626417       -3.5664814686267370     
   1.1674732428959880       -6.3696077794874748       -1.1982757904181709     
   3.3833669376513060       -5.5611826365433119      -0.65441240533324807     
  -1.2567970034604934       -7.1060110704005650       -1.6755374705412200     
 -0.95753341354600163       -5.6453559182056985       -1.3962249831736910     
 -0.47725051390964995       -6.5856980438532178       0.53564307332286787     
  -1.9096634600332481       -5.3066364309458862       -3.4080278729374709     
  -3.1403480657891758       -5.6625664816086569       -1.3832800482354535     
 -0.59321075665717049       -4.7353428903337997       -5.5481008366437194     
 -0.45542252333488570       -3.8294663373142530       -4.3307113362636107     
  -2.5888312869947536       -3.5383245386831463       -4.8766290880825292     
  0.64347960869109233       -2.3674190132990667       -5.2195690634616021     
  0.69279546795865099       -3.0148432233653986       -6.5972636920418157     
   1.5938901047598268      -0.60594091183975163       -6.3390886909915691     
 -0.68474252114496792      -0.97160305573805794       -6.4686294660005039     
   4.1103072832217444      -0.10999529078818754       -6.0218922568944349     
   3.2203801655073661      -0.14982712404198123       -4.7733281087809356     
   2.2913882820872939        1.5653552294478661       -5.9628440767788939     
   5.1749224700688226       0.59989378594582610       -3.9812765104131875     
   4.8565034972168082       -1.6926283322465789       -4.0006462105421674     
   5.3794331961258708        1.3485022375623736       -1.7909143866230481     
   6.7775963543388054        1.6670255692063207       -2.3081765599902653     
   4.7409467008375765        2.7098682912153556       -3.6309211539338802     
   6.6422008764245843       0.24216849478329694      -0.19605915984211517     
   6.2041621944833576        2.3031990748488669       0.20484638965672564     
   5.5379421288858177       -1.7928072071782972      -0.27170849369798611     
   6.9715301949511757       -2.2776914127273553      -0.38579792845916450     
   6.3585528774626416      -0.75863084066136988        1.6973526493512081     
   5.3739107065158072       -3.0638141286941813       -2.2072009512827999     
   5.0562476244005348       -4.1351002753399175      -0.37010300197665785     
   4.4450314717997541       -5.5535615272019996        1.7002639202670971     
   3.5123883123353359       -4.3871839538843114        1.3380336313109698     
   2.3858746241798796       -5.1609384914391185        3.2083782320958374     
   4.0585663382449226       -3.7351395892620025        3.4925931491103350     
  0.13559314175377246       -5.2961028144212179        2.4134151185397514     
  0.16834345661524924       -6.6447600587762921        3.1135354364420262     
  0.78744917499960865       -4.6346495659834170        4.5500842898105534     
  -2.0152991904927591       -6.0504329158987193        1.9541665271588560     
  -3.3410538041245745       -4.7936770044528156       0.71159100437646217     
  -4.0945370585388989       -6.1052677350661364       0.81068626826714196     
  -3.5720561628101994       -4.7152464157883927        3.0172323620425368     
  -4.9079040673151750       -4.2805147558204073      -0.82070836741619868     
  -6.1483449782399964       -2.8459828086903083       -2.5584638772046335     
  -4.7892657358810125       -2.3287366125843776       -2.0664822834975305     
  -6.0217090679025747       -2.3522374863949191      -0.11508436466876926     
  -4.3891740492268800       -2.1855635789435981       -4.3357892659445687     
  -5.5922686430917725      -0.52468265764012800       -3.2617630153781483     
  -3.0505336158514500       -1.7017107589611362       -6.4717217916305190     
  -2.4479336937606799       -1.2866088785754271       -5.1227235262831545     
  -2.2460348378828527       0.71677339111435445       -6.2052015442463748     
  -1.6230208815881133        3.1911394507759470       -6.4562630666070033     
  -1.2369926334312435        2.4789970550810492       -5.1563189781949976     
  -3.5136636033969819        2.2977188670074971       -5.0904516802380506     
  0.81806274983760618        3.3287538319217918       -5.6843928266320436     
 -0.75655214113533309        4.6479721402184717       -4.6217994234588256     
   2.5665561571977644        3.0285973445758945       -4.2647492286383040     
   3.3436098958119125        3.7164666856198747       -5.3907640162101735     
   3.5730955125732180        4.6020517779614751       -2.9826503608366504     
   4.1251160956289281        5.8963426780618891      -0.81853822759631045     
   3.3202983689542882        4.5965561067752505      -0.68331155772148222     
   1.9197734986371549        5.8790346913427705       -1.9850635610231315     
   4.9992723601187059        4.1648634730990812       0.86303824867367707     
   3.1451668692358972        5.4620664636881902        1.4428064437537826     
   4.9935977026599883        2.2625083214701092        2.1039146264413673     
   6.3367545878178451        2.8162482894647898        2.5986135737520004     
   5.7782177643299804       0.59299628297306728        3.2786760706127209     
   4.4924476211340760        2.1592018894997662        4.3878512404375840     
   4.6514682928001818       -1.4278676428097319        3.1975707052388267     
   5.8305669813551955       -1.8314742917670765        4.0631554339872054     
   3.5102620950816483       -2.3136870588211442        5.0127839070379450     
   1.2810141082987392       -2.5011005977474383        5.0071634315610289     
   1.7043156615591613       -3.2474863975705133        6.2600409353129916     
   2.2953567084551825      -0.64392442136097106        6.0613933315814599     
 -0.95887425796725390       -3.7353194288442331        6.1666790057491658     
 -0.77158870341714281       -2.9317114595832190        4.8902616832056571     
  -3.0662707735885886       -3.3383914388152354        4.8054808724868119     
  -2.4633534246958000       -1.5457965566347009        5.8535233789777719     
  -4.2625258497915048       -2.5009291093029904        3.1432904465079101     
  -5.3140778080097135       -3.0265814917348255        4.1027065998045487     
  -6.0073471439045019       -1.5673394426318101        2.0848411382729020     
  -5.1865442901462107      -0.60650782989230700        4.0215276921446295     
  -5.7026055186679514      -0.10741141569634935       0.31058158463367252     
  -7.2345836065863809      -0.20671721966775466       0.27827225365805769     
  -6.1863042758278581        2.1540996270267669       0.31435606014203238     
  -6.2058629486410233       0.96045366737113302       -1.6691012330655250     
  -4.5141716724059071        3.7013065717235425       0.21987559570992923     
  -5.6940127012491413        4.6731801133439506       0.35401187863761813     
  -5.3485883668349947        3.1156871305030114        2.2485859691193526     
  -4.0338109166166651        5.0440588862705908       -1.5642213933427549     
  -3.4221063379092667        5.6211814637721034       0.59006720636819732     
  -4.5822037095496970        4.2138002186149226       -3.9265289183437297     
  -3.6881248542706664        3.3375848391368890       -3.0459625484522355     
  -2.4177165214650813        5.2304804392192628       -3.2080947730695595     
  -5.2040242634333378        1.7340133500831314       -3.6113624811207150     
 -0.27665122046178220        6.6508312791156152       -3.0798727363198943     
 -0.24335888421489396        5.2461180627251087       -2.4623544878032484     
  0.25464069193951827        6.4676846025795793      -0.57107545160758755     
  -1.1638460588331145        5.5796757108612232        1.0255048183462698     
  -1.4164988412368291        7.0731682024993576        1.2739190001444762     
   1.0076023520753330        6.2069967847461349        1.5472138517660896     
  -2.7162933624776517        5.3595487825177344        2.6958843125856529     
  -4.3598770611768964        4.2935099869757858        4.1186117654554559     
  -3.4366763421017037        3.3653602101354139        3.3418598980221490     
  -1.8397435668847346        4.2883571222140917        4.6524129982968230     
  -4.8091658398284229        1.7570680175537223        4.1476669588382302     
  -4.1661739091518015       0.13096173834336122        6.0516125096743227     
  -3.3074101336286437       0.21358124852860097        4.8022630684548293     
  -1.6668335608553031       0.70411222127394801        6.2760663008158142     
 -0.72440069572903520        3.0692943430643753        6.6373639868877934     
 -0.66343063602614738        2.4568087750021972        5.2491657715821427     
  0.71091523790461419        1.1601033082127663        6.3930403923264354     
  0.53261951037590516        4.2687984494009257        4.9936031795931504     
   2.1838066847333035        5.8516593719399816        3.8105915829873376     
   1.7262021028759358        4.5887119277380597        3.0655585308647693     
   2.6242636652794733        3.5627965012851259        4.9054474224207674     
   3.0115219605728378        1.8021104514738384        6.4742761504496329     
   2.5082090983061338        1.3816003661470886        5.1054826338995198     
   2.9821474441872975       -5.9936343694125487       -2.9780036373418777     
   2.2825020907653712       -4.7873425964472895       -2.3784048124900510     
   1.1674732428959880       -6.3696077794874748       -1.1982757904181709     
 -0.95753341354600163       -5.6453559182056985       -1.3962249831736910     
  -1.2567970034604934       -7.1060110704005650       -1.6755374705412200     
  -1.9096634600332481       -5.3066364309458862       -3.4080278729374709     
 -0.45542252333488570       -3.8294663373142530       -4.3307113362636107     
 -0.59321075665717049       -4.7353428903337997       -5.5481008366437194     
   1.7420446891610011       -4.3475055723640503       -4.5298642126027397     
  0.69279546795865099       -3.0148432233653986       -6.5972636920418157     
  0.64347960869109233       -2.3674190132990667       -5.2195690634616021     
   1.5938901047598268      -0.60594091183975163       -6.3390886909915691     
   3.2203801655073661      -0.14982712404198123       -4.7733281087809356     
   4.1103072832217444      -0.10999529078818754       -6.0218922568944349     
   5.1749224700688226       0.59989378594582610       -3.9812765104131875     
   6.7775963543388054        1.6670255692063207       -2.3081765599902653     
   5.3794331961258708        1.3485022375623736       -1.7909143866230481     
   6.6422008764245843       0.24216849478329694      -0.19605915984211517     
   6.9715301949511757       -2.2776914127273553      -0.38579792845916450     
   5.5379421288858177       -1.7928072071782972      -0.27170849369798611     
   3.8864122229522318       -3.8480507680626417       -3.5664814686267370     
   4.8565034972168082       -1.6926283322465789       -4.0006462105421674     
   5.3739107065158072       -3.0638141286941813       -2.2072009512827999     
   3.3833669376513060       -5.5611826365433119      -0.65441240533324807     
   5.0562476244005348       -4.1351002753399175      -0.37010300197665785     
   3.5123883123353359       -4.3871839538843114        1.3380336313109698     
   4.4450314717997541       -5.5535615272019996        1.7002639202670971     
   2.3858746241798796       -5.1609384914391185        3.2083782320958374     
  0.16834345661524924       -6.6447600587762921        3.1135354364420262     
  0.13559314175377246       -5.2961028144212179        2.4134151185397514     
 -0.47725051390964995       -6.5856980438532178       0.53564307332286787     
  -2.0152991904927591       -6.0504329158987193        1.9541665271588560     
  -4.0945370585388989       -6.1052677350661364       0.81068626826714196     
  -3.3410538041245745       -4.7936770044528156       0.71159100437646217     
  -3.1403480657891758       -5.6625664816086569       -1.3832800482354535     
  -4.9079040673151750       -4.2805147558204073      -0.82070836741619868     
  -4.7892657358810125       -2.3287366125843776       -2.0664822834975305     
  -6.1483449782399964       -2.8459828086903083       -2.5584638772046335     
  -2.5888312869947536       -3.5383245386831463       -4.8766290880825292     
  -4.3891740492268800       -2.1855635789435981       -4.3357892659445687     
  -2.4479336937606799       -1.2866088785754271       -5.1227235262831545     
  -3.0505336158514500       -1.7017107589611362       -6.4717217916305190     
 -0.68474252114496792      -0.97160305573805794       -6.4686294660005039     
  -2.2460348378828527       0.71677339111435445       -6.2052015442463748     
  -1.2369926334312435        2.4789970550810492       -5.1563189781949976     
  -1.6230208815881133        3.1911394507759470       -6.4562630666070033     
   2.2913882820872939        1.5653552294478661       -5.9628440767788939     
  0.81806274983760618        3.3287538319217918       -5.6843928266320436     
   3.3436098958119125        3.7164666856198747       -5.3907640162101735     
   2.5665561571977644        3.0285973445758945       -4.2647492286383040     
   4.7409467008375765        2.7098682912153556       -3.6309211539338802     
   3.5730955125732180        4.6020517779614751       -2.9826503608366504     
   3.3202983689542882        4.5965561067752505      -0.68331155772148222     
   4.1251160956289281        5.8963426780618891      -0.81853822759631045     
   6.2041621944833576        2.3031990748488669       0.20484638965672564     
   4.9992723601187059        4.1648634730990812       0.86303824867367707     
   6.3367545878178451        2.8162482894647898        2.5986135737520004     
   4.9935977026599883        2.2625083214701092        2.1039146264413673     
   6.3585528774626416      -0.75863084066136988        1.6973526493512081     
   5.7782177643299804       0.59299628297306728        3.2786760706127209     
   5.8305669813551955       -1.8314742917670765        4.0631554339872054     
   4.6514682928001818       -1.4278676428097319        3.1975707052388267     
   4.0585663382449226       -3.7351395892620025        3.4925931491103350     
   3.5102620950816483       -2.3136870588211442        5.0127839070379450     
   1.7043156615591613       -3.2474863975705133        6.2600409353129916     
   1.2810141082987392       -2.5011005977474383        5.0071634315610289     
  0.78744917499960865       -4.6346495659834170        4.5500842898105534     
 -0.77158870341714281       -2.9317114595832190        4.8902616832056571     
 -0.95887425796725390       -3.7353194288442331        6.1666790057491658     
  -3.5720561628101994       -4.7152464157883927        3.0172323620425368     
  -3.0662707735885886       -3.3383914388152354        4.8054808724868119     
  -5.3140778080097135       -3.0265814917348255        4.1027065998045487     
  -4.2625258497915048       -2.5009291093029904        3.1432904465079101     
  -6.0217090679025747       -2.3522374863949191      -0.11508436466876926     
  -6.0073471439045019       -1.5673394426318101        2.0848411382729020     
  -7.2345836065863809      -0.20671721966775466       0.27827225365805769     
  -5.7026055186679514      -0.10741141569634935       0.31058158463367252     
  -6.1863042758278581        2.1540996270267669       0.31435606014203238     
  -5.6940127012491413        4.6731801133439506       0.35401187863761813     
  -4.5141716724059071        3.7013065717235425       0.21987559570992923     
  -4.0338109166166651        5.0440588862705908       -1.5642213933427549     
  -3.6881248542706664        3.3375848391368890       -3.0459625484522355     
  -4.5822037095496970        4.2138002186149226       -3.9265289183437297     
  -3.5136636033969819        2.2977188670074971       -5.0904516802380506     
  -5.5922686430917725      -0.52468265764012800       -3.2617630153781483     
  -6.2058629486410233       0.96045366737113302       -1.6691012330655250     
  -5.2040242634333378        1.7340133500831314       -3.6113624811207150     
 -0.75655214113533309        4.6479721402184717       -4.6217994234588256     
  -2.4177165214650813        5.2304804392192628       -3.2080947730695595     
 -0.24335888421489396        5.2461180627251087       -2.4623544878032484     
 -0.27665122046178220        6.6508312791156152       -3.0798727363198943     
   1.9197734986371549        5.8790346913427705       -1.9850635610231315     
  0.25464069193951827        6.4676846025795793      -0.57107545160758755     
  -1.4164988412368291        7.0731682024993576        1.2739190001444762     
  -1.1638460588331145        5.5796757108612232        1.0255048183462698     
  -3.4221063379092667        5.6211814637721034       0.59006720636819732     
  -2.7162933624776517        5.3595487825177344        2.6958843125856529     
  -3.4366763421017037        3.3653602101354139        3.3418598980221490     
  -4.3598770611768964        4.2935099869757858        4.1186117654554559     
  -5.3485883668349947        3.1156871305030114        2.2485859691193526     
  -5.1865442901462107      -0.60650782989230700        4.0215276921446295     
  -4.8091658398284229        1.7570680175537223        4.1476669588382302     
  -3.3074101336286437       0.21358124852860097        4.8022630684548293     
  -4.1661739091518015       0.13096173834336122        6.0516125096743227     
  -2.4633534246958000       -1.5457965566347009        5.8535233789777719     
  -1.6668335608553031       0.70411222127394801        6.2760663008158142     
 -0.66343063602614738        2.4568087750021972        5.2491657715821427     
 -0.72440069572903520        3.0692943430643753        6.6373639868877934     
  -1.8397435668847346        4.2883571222140917        4.6524129982968230     
  0.53261951037590516        4.2687984494009257        4.9936031795931504     
   1.7262021028759358        4.5887119277380597        3.0655585308647693     
   2.1838066847333035        5.8516593719399816        3.8105915829873376     
   3.1451668692358972        5.4620664636881902        1.4428064437537826     
   1.0076023520753330        6.2069967847461349        1.5472138517660896     
   4.4924476211340760        2.1592018894997662        4.3878512404375840     
   2.6242636652794733        3.5627965012851259        4.9054474224207674     
   2.5082090983061338        1.3816003661470886        5.1054826338995198     
   3.0115219605728378        1.8021104514738384        6.4742761504496329     
   2.2953567084551825      -0.64392442136097106        6.0613933315814599     
  0.71091523790461419        1.1601033082127663        6.3930403923264354     
