180     180
   2.7617434714131295       -4.6360252174781493       -3.6157241355584109     
   2.9821760247271940       -5.9936245145171796       -2.9779928243574800     
   2.2825159212668740       -4.7873368040646396       -2.3783989688494400     
   1.7420446891610011       -4.3475055723640503       -4.5298642126027397     
   3.8864122229522318       -3.8480507680626417       -3.5664814686267370     
   2.4137647117489331       -5.8498225206474830       -1.5830345466249709     
   1.1674732428959880       -6.3696077794874748       -1.1982757904181709     
   3.3833669376513060       -5.5611826365433119      -0.65441240533324807     
 -0.16678108941315561       -6.5353690341255248      -0.79599085981224083     
 -0.95763107228721989       -5.6453560204047202       -1.3960897840594559     
  -1.2567563908133468       -7.1060066873493035       -1.6755916332189380     
 -0.47725051390964995       -6.5856980438532178       0.53564307332286787     
  -2.0323043645289305       -5.8968941913630193       -2.1416299438041055     
  -1.9096634600332481       -5.3066364309458862       -3.4080278729374709     
  -3.1403480657891758       -5.6625664816086569       -1.3832800482354535     
  -1.6337788728889950       -4.4434818586819205       -4.4854476146623679     
 -0.45536109974200001       -3.8295989441947076       -4.3306258780841826     
 -0.59325576848442196       -4.7352514055789463       -5.5481683119620575     
  -2.5888312869947536       -3.5383245386831463       -4.8766290880825292     
  0.59114810060384138       -3.8462069982509375       -5.1780307827407928     
  0.69269082144983674       -3.0148470460902326       -6.5972704575425034     
  0.64363535486197987       -2.3674188480133349       -5.2195707439144643     
  0.60563149077308287       -1.4073040512520014       -6.3228357020803134     
   1.5938901047598268      -0.60594091183975163       -6.3390886909915691     
 -0.68474252114496792      -0.97160305573805794       -6.4686294660005039     
   2.4969078643795011       0.20944457564576591       -6.0030961233282136     
   3.2203551906625214      -0.14998322816603801       -4.7733571594157569     
   4.1103604141769159      -0.10972616922804782       -6.0218564951022131     
   2.2913882820872939        1.5653552294478661       -5.9628440767788939     
   4.6468957925610654      -0.38591700729953643       -4.4948669179589293     
   5.1749224700688226       0.59989378594582610       -3.9812765104131875     
   4.8565034972168082       -1.6926283322465789       -4.0006462105421674     
   5.4142512172798023        1.5754551753697945       -3.2698053772071880     
   6.7776030535358442        1.6669869490863267       -2.3081829231636672     
   5.3794338615723074        1.3484981278612591       -1.7909150451544493     
   4.7409467008375765        2.7098682912153556       -3.6309211539338802     
   6.4158798655242535        1.3268187078367533      -0.71842981137474504     
   6.6422008764245843       0.24216849478329694      -0.19605915984211517     
   6.2041621944833576        2.3031990748488669       0.20484638965672564     
   6.5179108074443528      -0.85200265611001758       0.34492579610800589     
   6.9715467108830040       -2.2776136457344958      -0.38593644277877698     
   5.5379160047208078       -1.7929510189011040      -0.27145515544884014     
   6.3585528774626416      -0.75863084066136988        1.6973526493512081     
   5.6539396024386042       -3.0861501567950462       -1.0094370775283630     
   5.3739107065158072       -3.0638141286941813       -2.2072009512827999     
   5.0562476244005348       -4.1351002753399175      -0.37010300197665785     
   4.8064913968371972       -2.8928492552903906       -3.2723729367506240     
   4.1793536371635946       -4.9588535052522094       0.28807287163320056     
   4.4450310850514345       -5.5535618568459109        1.7002638545288598     
   3.5123554234201997       -4.3872119912308687        1.3380280414330104     
   3.5609690994926253       -4.7123745294256825        2.6699960174476307     
   2.3858746241798796       -5.1609384914391185        3.2083782320958374     
   4.0585663382449226       -3.7351395892620025        3.4925931491103350     
   1.0772556939443010       -5.3203152932234756        3.5809067353558484     
  0.16842234275960893       -6.6447919318612154        3.1134676873553495     
  0.13556061456648838       -5.2960887885647292        2.4134425717207022     
  0.78744917499960865       -4.6346495659834170        4.5500842898105534     
 -0.82041140031261162       -6.2806595189241810        1.8212958026606096     
  -2.0152991904927591       -6.0504329158987193        1.9541665271588560     
  -3.1111305815438031       -5.5110960149839787        1.9588104479708384     
  -3.3411128030525989       -4.7936448953136130       0.71161749015729214     
  -4.0945877988741541       -6.1052333480432130       0.81070998737711664     
  -3.5720561628101994       -4.7152464157883927        3.0172323620425368     
  -4.0502664865373594       -5.1527500850837091      -0.50835768670014747     
  -4.9079040673151750       -4.2805147558204073      -0.82070836741619868     
  -5.4859575381273888       -3.1861294453326390       -1.0816450516998335     
  -4.7892610529591098       -2.3287454522431141       -2.0664867956260999     
  -6.1484075150170847       -2.8458782577111421       -2.5584115080269121     
  -6.0217090679025747       -2.3522374863949191      -0.11508436466876926     
  -5.1636261298584252       -1.8297448346586769       -3.4031993432159817     
  -4.3891740492268800       -2.1855635789435981       -4.3357892659445687     
  -5.5922686430917725      -0.52468265764012800       -3.2617630153781483     
  -3.3628725937643758       -2.4280348645699279       -5.0356734889545871     
  -2.4480725313043359       -1.2864929669030569       -5.1227029141504827     
  -3.0503587738135880       -1.7018645160774308       -6.4717599471822300     
  -1.9484683908347835      -0.51257681743204708       -6.2580395206104233     
  -2.2460348378828527       0.71677339111435445       -6.2052015442463748     
  -2.4170661407444576        1.9004061608333589       -5.8171598242281686     
  -1.6229479747566400        3.1910656528642032       -6.4563218874956956     
  -1.2369913893864346        2.4789958159822820       -5.1563200829158413     
  -3.5136636033969819        2.2977188670074971       -5.0904516802380506     
 -0.38450469173006108        3.6359807851670749       -5.4701422580772032     
  0.81806274983760618        3.3287538319217918       -5.6843928266320436     
 -0.75655214113533309        4.6479721402184717       -4.6217994234588256     
   1.9766699979011499        2.8404983354584856       -5.5897553083205400     
   2.5665263750663074        3.0286466606491058       -4.2647421540672905     
   3.3436515756268834        3.7164039030557858       -5.3907768895992936     
   3.7978574469188411        3.6852457675270789       -3.8153077012298788     
   3.5730955125732180        4.6020517779614751       -2.9826503608366504     
   3.1492363470573537        5.2628467341060921       -1.9934250899612662     
   3.3202252594166524        4.5966017650885362      -0.68327973473891812     
   4.1252751398903547        5.8962301958209151      -0.81860902607637542     
   1.9197734986371549        5.8790346913427705       -1.9850635610231315     
   4.0639538728778808        4.9608352486997811       0.54053550128267558     
   4.9992723601187059        4.1648634730990812       0.86303824867367707     
   3.1451668692358972        5.4620664636881902        1.4428064437537826     
   5.6647998882362618        3.1330328137797987        1.1414204540375861     
   4.9936810950826747        2.2623595708460003        2.1038352835535714     
   6.3367226922158482        2.8162970284097866        2.5986390197795708     
   5.4032431120180249        1.7509407229835308        3.4086965850706852     
   5.7782177643299804       0.59299628297306728        3.2786760706127209     
   4.4924476211340760        2.1592018894997662        4.3878512404375840     
   5.8596772679708282      -0.58933159850350891        2.9579590435470213     
   4.6515556518200123       -1.4280573193289814        3.1973671588123640     
   5.8305252976616204       -1.8313807095421235        4.0632577125912990     
   4.3231898595637217       -2.5538463330132490        4.1324279310790137     
   3.5102620950816483       -2.3136870588211442        5.0127839070379450     
   2.4999750205564277       -1.9736032388471803        5.6233630361925231     
   1.7041633678945074       -3.2473334118792141        6.2601696835128804     
   1.2811674200259260       -2.5012495494405629        5.0070084616323287     
   2.2953567084551825      -0.64392442136097106        6.0613933315814599     
  0.46205393594721667       -3.6922162963358609        5.2812797869222070     
 -0.77165198762976872       -2.9318763161216981        4.8901457551642835     
 -0.95881348207946615       -3.7351601485357957        6.1667854248568696     
  -2.1539380777445873       -2.8217922359223202        5.4480055236087681     
  -3.0662707735885886       -3.3383914388152354        4.8054808724868119     
  -2.4633534246958000       -1.5457965566347009        5.8535233789777719     
  -3.8311897393414989       -3.6634435877871439        3.9101256034283591     
  -5.3139935370419051       -3.0264526954462054        4.1028861861635209     
  -4.2626566115800344       -2.5011090365736370        3.1430707431032152     
  -5.4552437276503554       -1.6725643165320117        3.2152843520202201     
  -6.0073471439045019       -1.5673394426318101        2.0848411382729020     
  -5.1865442901462107      -0.60650782989230700        4.0215276921446295     
  -6.2228348422443274       -1.3840517580303788       0.85063884262959222     
  -5.7026166895627801      -0.10734593806683330       0.31072171728800690     
  -7.2345815078944362      -0.20675930111480170       0.27818278374507233     
  -6.3587404412254021        1.0634522677055112      -0.30236841763393391     
  -6.1863042758278581        2.1540996270267669       0.31435606014203238     
  -6.2058629486410233       0.96045366737113302       -1.6691012330655250     
  -5.6714583089067627        3.1329899592265296       0.91784010946152517     
  -4.5142120777974499        3.7012752310399653       0.21978115571087156     
  -5.6939688445676788        4.6732230145169025       0.35412799896463920     
  -5.3485883668349947        3.1156871305030114        2.2485859691193526     
  -4.2488453648526168        5.0331030105567427      -0.32390740293013853     
  -4.0338109166166651        5.0440588862705908       -1.5642213933427549     
  -3.4221063379092667        5.6211814637721034       0.59006720636819732     
  -3.6174457642274334        4.7679078551464631       -2.7189538998170169     
  -3.6881011086651094        3.3375883200637491       -3.0459819464901656     
  -4.5822795340272462        4.2137859683093044       -3.9264619626861195     
  -2.4177165214650813        5.2304804392192628       -3.2080947730695595     
  -4.4071119364503089        2.5888512430578459       -4.0858646699453791     
  -5.2040242634333378        1.7340133500831314       -3.6113624811207150     
  -5.7120034399417534       0.80184065422195272       -2.9362452575007829     
  -1.0877106585132548        5.4058407469855014       -3.5225765374370224     
 -0.24328579548981671        5.2460924721790931       -2.4624166662098865     
 -0.27669523591501927        6.6508466957441774       -3.0798352938243538     
  0.57804189765914182        6.1682842347285236       -1.8760007053219743     
  0.25464069193951827        6.4676846025795793      -0.57107545160758755     
 -0.11384194099004163        6.4094956512704222       0.75710822024942293     
  -1.4165182005691686        7.0731748044712166        1.2738614282437957     
  -1.1638282917959648        5.5796701511734614        1.0255580096723027     
   1.0076023520753330        6.2069967847461349        1.5472138517660896     
  -2.4121014677213943        5.9014356549402862        1.4741068290651913     
  -2.7162933624776517        5.3595487825177344        2.6958843125856529     
  -2.9004900143837800        4.5178868592937933        3.7632350428628407     
  -4.3599248620946369        4.2935957858109015        4.1184627057740224     
  -3.4366195593135358        3.3652513710481902        3.3420716632160237     
  -1.8397435668847346        4.2883571222140917        4.6524129982968230     
  -4.7118611161515060        2.9735457384754249        3.4558501883964370     
  -4.8091658398284229        1.7570680175537223        4.1476669588382302     
  -4.6096766653126409       0.45879062614702881        4.6427291470232612     
  -4.1661406119315298       0.13110959184828788        6.0516382070907957     
  -3.3074428996702863       0.21340144884329518        4.8022201983705068     
  -2.6925452145531370      -0.19542925483045848        5.9162327980926541     
  -1.6668335608553031       0.70411222127394801        6.2760663008158142     
 -0.58371154616833931        1.6047550226366831        6.2748047712297463     
 -0.66341519735048959        2.4568095383142281        5.2491655690856138     
 -0.72444086792935447        3.0692913049815171        6.6373621426902289     
  0.71091523790461419        1.1601033082127663        6.3930403923264354     
 -0.70505601454604938        3.7880248323892873        5.3077801866597154     
  0.53261951037590516        4.2687984494009257        4.9936031795931504     
   1.7513677458260350        4.4936632043200380        4.4298280322594428     
   2.1839061091215437        5.8516258141383961        3.8105873904628589     
   1.7260666436783940        4.5887576558531853        3.0655642471181506     
   2.6242636652794733        3.5627965012851259        4.9054474224207674     
   2.0514393061769312        5.6568540648538299        2.2726484894003605     
   3.3361627227506516        2.4267669438081647        5.1367254349914182     
   3.0116509880716076        1.8019966150178581        6.4742565897400697     
   2.5081752029479296        1.3816284220418529        5.1054846822634055     
   1.9897064036844785       0.72822667285122633        6.1513672951855689     
   2.7678175899159250       -4.6434789008080193       -3.6259214896043535     
   2.4179144415581417       -5.8632122886496321       -1.5832067782966095     
   2.2825159212668740       -4.7873368040646396       -2.3783989688494400     
   2.9821760247271940       -5.9936245145171796       -2.9779928243574800     
 -0.16373739969200321       -6.5490554564648216      -0.79598568109676648     
   1.1674732428959880       -6.3696077794874748       -1.1982757904181709     
  -2.0386499908746805       -5.9071866092407213       -2.1487298394940528     
  -1.2567563908133468       -7.1060066873493035       -1.6755916332189380     
 -0.95763107228721989       -5.6453560204047202       -1.3960897840594559     
  -1.6399780677288509       -4.4536413934205408       -4.4928442433831917     
  -1.9096634600332481       -5.3066364309458862       -3.4080278729374709     
  0.59564818138502085       -3.8544013487726354       -5.1884631042370657     
 -0.59325576848442196       -4.7352514055789463       -5.5481683119620575     
 -0.45536109974200001       -3.8295989441947076       -4.3306258780841826     
   1.7420446891610011       -4.3475055723640503       -4.5298642126027397     
  0.60774561905651259       -1.4084088203735010       -6.3366466577851259     
  0.64363535486197987       -2.3674188480133349       -5.2195707439144643     
  0.69269082144983674       -3.0148470460902326       -6.5972704575425034     
   2.5014859606379787       0.21000971288847461       -6.0163158122435387     
   1.5938901047598268      -0.60594091183975163       -6.3390886909915691     
   4.6571558832129814      -0.38968683975685264       -4.5036308570641914     
   4.1103604141769159      -0.10972616922804782       -6.0218564951022131     
   3.2203551906625214      -0.14998322816603801       -4.7733571594157569     
   5.4262554766132940        1.5796727427633819       -3.2756551399545981     
   5.1749224700688226       0.59989378594582610       -3.9812765104131875     
   6.4290292278693668        1.3308688827348305      -0.72102703208889363     
   5.3794338615723074        1.3484981278612591       -1.7909150451544493     
   6.7776030535358442        1.6669869490863267       -2.3081829231636672     
   6.5314514014704104      -0.85537959293381993       0.34607382107563345     
   6.6422008764245843       0.24216849478329694      -0.19605915984211517     
   5.6662579843375145       -3.0927052074783874       -1.0105778013826823     
   5.5379160047208078       -1.7929510189011040      -0.27145515544884014     
   6.9715467108830040       -2.2776136457344958      -0.38593644277877698     
   4.8159250120201733       -2.8973350669557796       -3.2817156890577195     
   3.8864122229522318       -3.8480507680626417       -3.5664814686267370     
   4.8565034972168082       -1.6926283322465789       -4.0006462105421674     
   5.3739107065158072       -3.0638141286941813       -2.2072009512827999     
   4.1883535781868169       -4.9695704513892149       0.28756300182523664     
   3.3833669376513060       -5.5611826365433119      -0.65441240533324807     
   5.0562476244005348       -4.1351002753399175      -0.37010300197665785     
   3.5685174960776522       -4.7221602662916169        2.6765804160924573     
   3.5123554234201997       -4.3872119912308687        1.3380280414330104     
   4.4450310850514345       -5.5535618568459109        1.7002638545288598     
   1.0798849030377236       -5.3326114901325292        3.5870667278780193     
   2.3858746241798796       -5.1609384914391185        3.2083782320958374     
 -0.82001307353697528       -6.2940846947053677        1.8252673248112969     
  0.13556061456648838       -5.2960887885647292        2.4134425717207022     
  0.16842234275960893       -6.6447919318612154        3.1134676873553495     
 -0.47725051390964995       -6.5856980438532178       0.53564307332286787     
  -3.1189336185660785       -5.5209618041575270        1.9649838032291105     
  -2.0152991904927591       -6.0504329158987193        1.9541665271588560     
  -4.0595667471578389       -5.1629264638425632      -0.51081203675584896     
  -4.0945877988741541       -6.1052333480432130       0.81070998737711664     
  -3.3411128030525989       -4.7936448953136130       0.71161749015729214     
  -3.1403480657891758       -5.6625664816086569       -1.3832800482354535     
  -5.4981727539122662       -3.1928010357855028       -1.0831657629757663     
  -4.9079040673151750       -4.2805147558204073      -0.82070836741619868     
  -5.1746944812167683       -1.8326090767687280       -3.4112885309685859     
  -6.1484075150170847       -2.8458782577111421       -2.5584115080269121     
  -4.7892610529591098       -2.3287454522431141       -2.0664867956260999     
  -3.3711917572179644       -2.4335920387407053       -5.0454720356836900     
  -2.5888312869947536       -3.5383245386831463       -4.8766290880825292     
  -4.3891740492268800       -2.1855635789435981       -4.3357892659445687     
  -1.9522789427340308      -0.51233970411450180       -6.2715149817322482     
  -3.0503587738135880       -1.7018645160774308       -6.4717599471822300     
  -2.4480725313043359       -1.2864929669030569       -5.1227029141504827     
 -0.68474252114496792      -0.97160305573805794       -6.4686294660005039     
  -2.4229765572380737        1.9039715462661770       -5.8293403072180681     
  -2.2460348378828527       0.71677339111435445       -6.2052015442463748     
 -0.38439165637535294        3.6442724567227076       -5.4814282094107707     
  -1.2369913893864346        2.4789958159822820       -5.1563200829158413     
  -1.6229479747566400        3.1910656528642032       -6.4563218874956956     
   1.9800793788693392        2.8461082853204651       -5.6021224967322363     
   2.2913882820872939        1.5653552294478661       -5.9628440767788939     
  0.81806274983760618        3.3287538319217918       -5.6843928266320436     
   3.8066994604626689        3.6933392314692695       -3.8225432538222779     
   3.3436515756268834        3.7164039030557858       -5.3907768895992936     
   2.5665263750663074        3.0286466606491058       -4.2647421540672905     
   4.7409467008375765        2.7098682912153556       -3.6309211539338802     
   3.1557437299171331        5.2743189190655064       -1.9981218415161592     
   3.5730955125732180        4.6020517779614751       -2.9826503608366504     
   4.0730487357556733        4.9712606087986257       0.54274138044968512     
   4.1252751398903547        5.8962301958209151      -0.81860902607637542     
   3.3202252594166524        4.5966017650885362      -0.68327973473891812     
   5.6766024305858558        3.1404586830723202        1.1426866550510208     
   6.2041621944833576        2.3031990748488669       0.20484638965672564     
   4.9992723601187059        4.1648634730990812       0.86303824867367707     
   5.4131052657738286        1.7554333892827103        3.4175670166985381     
   6.3367226922158482        2.8162970284097866        2.5986390197795708     
   4.9936810950826747        2.2623595708460003        2.1038352835535714     
   5.8720627127282530      -0.59215530460267385        2.9638472055079657     
   6.3585528774626416      -0.75863084066136988        1.6973526493512081     
   5.7782177643299804       0.59299628297306728        3.2786760706127209     
   4.3337019190048611       -2.5596078375132625        4.1396772185808031     
   5.8305252976616204       -1.8313807095421235        4.0632577125912990     
   4.6515556518200123       -1.4280573193289814        3.1973671588123640     
   4.0585663382449226       -3.7351395892620025        3.4925931491103350     
   2.5047566887800925       -1.9750121184092251        5.6364590461004003     
   3.5102620950816483       -2.3136870588211442        5.0127839070379450     
  0.46207077572574878       -3.6997313936248957        5.2930921415794936     
   1.2811674200259260       -2.5012495494405629        5.0070084616323287     
   1.7041633678945074       -3.2473334118792141        6.2601696835128804     
  0.78744917499960865       -4.6346495659834170        4.5500842898105534     
  -2.1572684443920185       -2.8268593953167658        5.4606276749549671     
 -0.95881348207946615       -3.7351601485357957        6.1667854248568696     
 -0.77165198762976872       -2.9318763161216981        4.8901457551642835     
  -3.8389527956930336       -3.6731051392680776        3.9166533321462915     
  -3.5720561628101994       -4.7152464157883927        3.0172323620425368     
  -3.0662707735885886       -3.3383914388152354        4.8054808724868119     
  -5.4676860965688681       -1.6745550343735924        3.2214009303069537     
  -4.2626566115800344       -2.5011090365736370        3.1430707431032152     
  -5.3139935370419051       -3.0264526954462054        4.1028861861635209     
  -6.2362128446298142       -1.3877152290438886       0.85254698401534623     
  -6.0217090679025747       -2.3522374863949191      -0.11508436466876926     
  -6.0073471439045019       -1.5673394426318101        2.0848411382729020     
  -6.3722985669624981        1.0666395997819629      -0.30385051994189827     
  -7.2345815078944362      -0.20675930111480170       0.27818278374507233     
  -5.7026166895627801      -0.10734593806683330       0.31072171728800690     
  -5.6840384321312127        3.1386064333402568       0.92033608521639809     
  -6.1863042758278581        2.1540996270267669       0.31435606014203238     
  -4.2569678158947442        5.0444461274137948      -0.32511187207815540     
  -5.6939688445676788        4.6732230145169025       0.35412799896463920     
  -4.5142120777974499        3.7012752310399653       0.21978115571087156     
  -3.6243315080921490        4.7789092985685446       -2.7242181455860353     
  -4.0338109166166651        5.0440588862705908       -1.5642213933427549     
  -4.4167632882582959        2.5931767819614304       -4.0950392651442202     
  -4.5822795340272462        4.2137859683093044       -3.9264619626861195     
  -3.6881011086651094        3.3375883200637491       -3.0459819464901656     
  -3.5136636033969819        2.2977188670074971       -5.0904516802380506     
  -5.7244201293130121       0.80333926016830570       -2.9425369069734173     
  -5.5922686430917725      -0.52468265764012800       -3.2617630153781483     
  -6.2058629486410233       0.96045366737113302       -1.6691012330655250     
  -5.2040242634333378        1.7340133500831314       -3.6113624811207150     
  -1.0908034016102925        5.4169686861730577       -3.5304921682993395     
 -0.75655214113533309        4.6479721402184717       -4.6217994234588256     
  -2.4177165214650813        5.2304804392192628       -3.2080947730695595     
  0.58027153089408690        6.1818019002023989       -1.8788947127210329     
 -0.27669523591501927        6.6508466957441774       -3.0798352938243538     
 -0.24328579548981671        5.2460924721790931       -2.4624166662098865     
   1.9197734986371549        5.8790346913427705       -1.9850635610231315     
 -0.11191094973332655        6.4233222913442711       0.75832405384694201     
  0.25464069193951827        6.4676846025795793      -0.57107545160758755     
  -2.4181118217972761        5.9136117948430424        1.4775370001869326     
  -1.1638282917959648        5.5796701511734614        1.0255580096723027     
  -1.4165182005691686        7.0731748044712166        1.2738614282437957     
  -3.4221063379092667        5.6211814637721034       0.59006720636819732     
  -2.9032265438508702        4.5286845447095505        3.7717546303427185     
  -2.7162933624776517        5.3595487825177344        2.6958843125856529     
  -4.7235860852582707        2.9767718648997321        3.4628197892895098     
  -3.4366195593135358        3.3652513710481902        3.3420716632160237     
  -4.3599248620946369        4.2935957858109015        4.1184627057740224     
  -5.3485883668349947        3.1156871305030114        2.2485859691193526     
  -4.6211036633617510       0.46144704215677729        4.6503819580623746     
  -5.1865442901462107      -0.60650782989230700        4.0215276921446295     
  -4.8091658398284229        1.7570680175537223        4.1476669588382302     
  -2.6945463622261618      -0.19578327500882059        5.9301051610002071     
  -3.3074428996702863       0.21340144884329518        4.8022201983705068     
  -4.1661406119315298       0.13110959184828788        6.0516382070907957     
  -2.4633534246958000       -1.5457965566347009        5.8535233789777719     
 -0.58534770655595603        1.6044397205967948        6.2887202603921093     
  -1.6668335608553031       0.70411222127394801        6.2760663008158142     
 -0.70714136539904249        3.7986435531797174        5.3166929555241893     
 -0.72444086792935447        3.0692913049815171        6.6373621426902289     
 -0.66341519735048959        2.4568095383142281        5.2491655690856138     
  -1.8397435668847346        4.2883571222140917        4.6524129982968230     
   1.7549012375766671        4.5029374010521632        4.4397067039925338     
  0.53261951037590516        4.2687984494009257        4.9936031795931504     
   2.0560268375818365        5.6696776619487235        2.2759119194135771     
   1.7260666436783940        4.5887576558531853        3.0655642471181506     
   2.1839061091215437        5.8516258141383961        3.8105873904628589     
   3.1451668692358972        5.4620664636881902        1.4428064437537826     
   1.0076023520753330        6.2069967847461349        1.5472138517660896     
   3.3451084464906820        2.4333677930918864        5.1452608678810794     
   4.4924476211340760        2.1592018894997662        4.3878512404375840     
   2.6242636652794733        3.5627965012851259        4.9054474224207674     
   1.9922386966549015       0.72642778112179118        6.1650341032626397     
   2.5081752029479296        1.3816284220418529        5.1054846822634055     
   3.0116509880716076        1.8019966150178581        6.4742565897400697     
   2.2953567084551825      -0.64392442136097106        6.0613933315814599     
  0.71091523790461419        1.1601033082127663        6.3930403923264354     
