 18      18
   0.00000000     0.00000000     0.00000000
   0.10928235     0.03481953    -0.09194547
  -0.12780678     0.04612310    -0.05609891
  -0.00421404    -0.14581933     0.01810986
   0.02273847     0.06487670     0.12993451
  -0.25287213    -0.18977895     0.41661570
   0.26601392     0.09820968     0.43945517
  -0.44569271    -0.23305749    -0.14342807
   0.17769865     0.49187465     0.00364362
   0.07517348    -0.30209570    -0.42025932
  -0.13975191     0.25128830    -0.43686679
   0.49910738     0.01840573    -0.15518394
   0.19316767    -0.46594025     0.13825536
  -0.37284646     0.33109244     0.15777174
   1.84699770     0.59497604    -1.53630336
  -2.14665991     0.78872322    -0.94625155
  -0.07716245    -2.45736767     0.28463213
   0.37682462     1.07366839     2.19792283
   0.00000000     0.00000000     0.00000000
  -0.01576230     0.14450630    -0.02187416
   0.13626251    -0.02776988     0.04764833
  -0.02326409    -0.07150340    -0.12631329
  -0.09723611    -0.04523302     0.10053911
   0.19635452     0.20587019    -0.43885233
  -0.27976623    -0.14838784    -0.41622266
   0.41928633     0.29466931     0.10439527
  -0.11025316    -0.51074357     0.02271589
  -0.08610137     0.30487338     0.41613644
   0.20142717    -0.21451723     0.43236380
  -0.48046571    -0.07804399     0.19128732
  -0.26260770     0.43114257    -0.13668172
   0.40212779    -0.28486110    -0.17514567
  -0.08847556    -1.07572876     2.22724150
   1.23726288     2.13721880     0.16462526
  -2.30196376     0.43859063    -0.79638335
   1.15317645    -1.50008063    -1.59548348
